               -215.3157166792
         -0.000177497       0.000004396      -0.000000011
          0.000004396      -0.000235922      -0.000000005
         -0.000000011      -0.000000005       0.000000207
          18
  1     6       0.003736234       0.001599294      -0.004181362  C
  1     6       0.007398769      -0.003682992      -0.000257052  C
  1     6       0.010110436       0.001033416      -0.000247963  C
  1     6       0.009707941       0.001754506      -0.000252287  C
  1     6       0.012598158      -0.003513655       0.000178216  C
  1     6       0.006581803      -0.003645859      -0.000254869  C
  1     6       0.006998979      -0.002957129      -0.000247564  C
  1     6       0.009302157       0.001085598      -0.000259182  C
  1     6       0.012598164      -0.003513519       0.000178186  C
  1     6      -0.008408914      -0.000511125       0.002082576  C
  1     6      -0.006871831       0.000232115      -0.000386711  C
  1     6      -0.007000864       0.001904534       0.002032571  C
  1     6      -0.009635280       0.005004531      -0.000382221  C
  1     6      -0.012428764       0.000193011      -0.000364324  C
  1     6      -0.006758785       0.000163743       0.000100601  C
  1     6      -0.005589732      -0.000517312       0.002029910  C
  1     6      -0.009659819       0.005209712       0.000097153  C
  1     6      -0.012601433       0.000176645       0.000133975  C
