               -599.1013993294
         -0.000174476      -0.000000247       0.000000015
         -0.000000247      -0.000169059      -0.000000007
          0.000000015      -0.000000007       0.000000196
          50
  1     6      -0.015916089       0.007489867      -0.004394234  C
  1     6      -0.001818949      -0.000525539      -0.000156236  C
  1     6      -0.002583957      -0.000004065      -0.000001132  C
  1     6      -0.002590758      -0.000015234      -0.000001445  C
  1     6      -0.001765019      -0.000410221      -0.000147379  C
  1     6      -0.002432625       0.000754533      -0.000152192  C
  1     6      -0.002523454      -0.000013225       0.000028465  C
  1     6      -0.002598834      -0.000003414      -0.000006285  C
  1     6      -0.002553036      -0.000062111       0.000028668  C
  1     6      -0.003173412      -0.000519893      -0.000152542  C
  1     6      -0.002638789       0.000069032      -0.000001327  C
  1     6      -0.002644162       0.000075282      -0.000006243  C
  1     6      -0.002690637      -0.000002390      -0.000006372  C
  1     6      -0.002681178      -0.000002808      -0.000001145  C
  1     6      -0.002581136      -0.000013587       0.000028599  C
  1     6      -0.002632722       0.000080084      -0.000001485  C
  1     6      -0.002580550      -0.000012882       0.000028606  C
  1     6      -0.002688439      -0.000015688      -0.000000991  C
  1     6      -0.002691225      -0.000002390      -0.000006368  C
  1     6      -0.002643736       0.000075171      -0.000006237  C
  1     6      -0.002496677       0.000641418      -0.000147738  C
  1     6      -0.003113069      -0.000412955      -0.000156952  C
  1     6      -0.002552711      -0.000061281       0.000028756  C
  1     6      -0.002598831      -0.000003251      -0.000006280  C
  1     6      -0.002522802      -0.000012984       0.000028367  C
  1     6       0.008697856      -0.001087985       0.001879635  C
  1     6       0.002511686      -0.000118947      -0.000176875  C
  1     6       0.002626047      -0.000006074       0.000021897  C
  1     6       0.002664398       0.000148706      -0.000178068  C
  1     6       0.006510926      -0.004527872       0.001961012  C
  1     6       0.002452080      -0.000015715      -0.000176536  C
  1     6       0.002553638      -0.000014015       0.000015696  C
  1     6       0.002597332       0.000059477       0.000016072  C
  1     6       0.002548523       0.000147159      -0.000177549  C
  1     6       0.003021201      -0.000234323       0.000126408  C
  1     6       0.002666286      -0.000076268       0.000021756  C
  1     6       0.002640255      -0.000015033       0.000016062  C
  1     6       0.002708416      -0.000006348       0.000021752  C
  1     6       0.002661507       0.000025691      -0.000004074  C
  1     6       0.002616258      -0.000052922      -0.000004114  C
  1     6       0.002759947      -0.000016546      -0.000177552  C
  1     6       0.002701100      -0.000119175      -0.000177373  C
  1     6       0.002675900       0.000000499      -0.000004109  C
  1     6       0.002718572      -0.000058586       0.000006778  C
  1     6       0.002643709      -0.000053157      -0.000004027  C
  1     6       0.004540552      -0.001066076       0.001927972  C
  1     6       0.002758377       0.000224534       0.000126251  C
  1     6       0.002584829       0.000001879      -0.000004187  C
  1     6       0.002598848       0.000025700      -0.000004066  C
  1     6       0.002486915      -0.000232640       0.000127652  C
