               -862.6321856105
         -0.000169056      -0.000000545       0.000000009
         -0.000000545      -0.000179623      -0.000000005
          0.000000009      -0.000000005       0.000000195
          72
  1     6       0.014574336      -0.008169516       0.004086509  C
  1     6      -0.000236981       0.001121964       0.000130161  C
  1     6       0.000237700      -0.000226204       0.000007356  C
  1     6      -0.000235514       0.000544613      -0.000002668  C
  1     6       0.000669575       0.000516261       0.000007108  C
  1     6      -0.000751910       0.000262828       0.000139976  C
  1     6       0.000011393      -0.001038953       0.000134726  C
  1     6      -0.000365442       0.000555554      -0.000024435  C
  1     6       0.000663986       0.000529611       0.000002507  C
  1     6       0.000225809      -0.000228189       0.000002681  C
  1     6      -0.000301621       0.000645365      -0.000024913  C
  1     6       0.001265554       0.001107542       0.000137624  C
  1     6       0.000705826       0.000460810       0.000007154  C
  1     6       0.000223015      -0.000252488       0.000002512  C
  1     6      -0.000279504       0.000568099      -0.000001879  C
  1     6       0.000683382       0.000535958       0.000002526  C
  1     6       0.000293753      -0.000236543       0.000006626  C
  1     6      -0.000256756       0.000563261      -0.000025146  C
  1     6      -0.000236764       0.000548029      -0.000002693  C
  1     6       0.000686581       0.000518698       0.000002722  C
  1     6       0.000238609      -0.000247304       0.000002562  C
  1     6      -0.000246366       0.000543053      -0.000002509  C
  1     6       0.000688546       0.000524898       0.000002591  C
  1     6       0.000239384      -0.000248782       0.000002693  C
  1     6       0.000271197      -0.000284397       0.000007039  C
  1     6      -0.000261047       0.000555846      -0.000025146  C
  1     6       0.000733209       0.000516980       0.000006730  C
  1     6       0.000232670      -0.000237649       0.000002546  C
  1     6      -0.000279539       0.000568045      -0.000001878  C
  1     6       0.000672972       0.000519819       0.000002492  C
  1     6       0.000513540      -0.000179422       0.000139619  C
  1     6       0.000764503       0.000250074       0.000132728  C
  1     6      -0.000308003       0.000635815      -0.000024797  C
  1     6       0.000672554       0.000538763       0.000002668  C
  1     6       0.000215071      -0.000241076       0.000002520  C
  1     6      -0.000363186       0.000558061      -0.000024545  C
  1     6      -0.006402680       0.001206648      -0.001817191  C
  1     6      -0.000525162       0.000128266       0.000162935  C
  1     6      -0.000227511      -0.000785931      -0.000010552  C
  1     6       0.000217414      -0.000010372      -0.000009969  C
  1     6      -0.000723369      -0.000211923       0.000167108  C
  1     6      -0.004642783       0.004489003      -0.001742553  C
  1     6      -0.000000442      -0.000785312       0.000163166  C
  1     6       0.000317188      -0.000015099      -0.000020501  C
  1     6      -0.000654151      -0.000022648       0.000005222  C
  1     6      -0.000175578      -0.000858773      -0.000021190  C
  1     6       0.000325038      -0.000188790       0.000159095  C
  1     6      -0.001067928       0.000206666      -0.000119782  C
  1     6      -0.000679419      -0.000012714      -0.000010791  C
  1     6      -0.000193445      -0.000818321       0.000005300  C
  1     6       0.000265399      -0.000014375       0.000004822  C
  1     6      -0.000674965      -0.000005480      -0.000008804  C
  1     6      -0.000239504      -0.000814830       0.000002565  C
  1     6       0.000231397       0.000021436       0.000003628  C
  1     6       0.000217938      -0.000011198      -0.000009753  C
  1     6      -0.000669506      -0.000012068      -0.000021585  C
  1     6      -0.000220884      -0.000785909      -0.000008341  C
  1     6       0.000240712      -0.000010948       0.000000097  C
  1     6      -0.000671749      -0.000012776      -0.000000277  C
  1     6      -0.000214244      -0.000795872       0.000000298  C
  1     6      -0.000387682      -0.000787292       0.000168095  C
  1     6       0.000140690       0.000128851       0.000159822  C
  1     6      -0.000692499      -0.000038058       0.000002354  C
  1     6      -0.000199252      -0.000825224      -0.000000227  C
  1     6       0.000267325      -0.000010461      -0.000000429  C
  1     6      -0.000657477       0.000023043       0.000003324  C
  1     6      -0.002746260       0.001235354      -0.001775865  C
  1     6      -0.000323271      -0.001073882      -0.000120929  C
  1     6       0.000269212      -0.000043565       0.000003662  C
  1     6      -0.000664152      -0.000018936       0.000000251  C
  1     6      -0.000167318      -0.000814845       0.000003567  C
  1     6       0.000428690       0.000213429      -0.000130180  C
