               -215.3156387296
         -0.000192681      -0.000004426       0.000000027
         -0.000004426      -0.000220740      -0.000000004
          0.000000027      -0.000000004       0.000000207
          18
  1     6       0.009229392      -0.001606160       0.004180420  C
  1     6       0.005619726       0.003675153       0.000247745  C
  1     6       0.002877879      -0.001043830       0.000257024  C
  1     6       0.003299489      -0.001750006       0.000252529  C
  1     6       0.000388825       0.003543031      -0.000178196  C
  1     6       0.006439969       0.003661454       0.000254345  C
  1     6       0.006044134       0.002973727       0.000257177  C
  1     6       0.003695102      -0.001062568       0.000249818  C
  1     6       0.000388843       0.003543099      -0.000178186  C
  1     6      -0.004575256       0.000511073      -0.002087286  C
  1     6      -0.006117896      -0.000228803       0.000386902  C
  1     6      -0.005963617      -0.001945923      -0.002027057  C
  1     6      -0.003342118      -0.005056826       0.000391611  C
  1     6      -0.000558628      -0.000209114       0.000354799  C
  1     6      -0.006233959      -0.000164963      -0.000100563  C
  1     6      -0.007385799       0.000545406      -0.002029757  C
  1     6      -0.003295447      -0.005239607      -0.000103987  C
  1     6      -0.000377116      -0.000162375      -0.000127207  C
