                -95.2296487526
         -0.000363971       0.000001061       0.000000019
          0.000001061      -0.000360886      -0.000000024
          0.000000019      -0.000000024       0.000000213
           8
  1     6       0.002692136      -0.003556736       0.003597020  C
  1     6      -0.003827805       0.000215961       0.001154265  C
  1     6      -0.002978847      -0.001250759       0.001159819  C
  1     6      -0.002127196       0.000216440       0.001155793  C
  1     6       0.000525588       0.000881778      -0.002129145  C
  1     6       0.001248625       0.002067154      -0.002108866  C
  1     6       0.001943446       0.000908559      -0.002129289  C
  1     6       0.002577863       0.000509102      -0.000699458  C
