                -95.2296201040
         -0.000367657      -0.000001046       0.000000066
         -0.000001046      -0.000357247      -0.000000025
          0.000000066      -0.000000025       0.000000213
           8
  1     6      -0.009621304       0.003513367      -0.003596383  C
  1     6      -0.003079330      -0.000219085      -0.001154292  C
  1     6      -0.003926956       0.001252898      -0.001148714  C
  1     6      -0.004775788      -0.000215809      -0.001166923  C
  1     6       0.006388744      -0.000879924       0.002087939  C
  1     6       0.005683373      -0.002074943       0.002149412  C
  1     6       0.005009010      -0.000861637       0.002129309  C
  1     6       0.004348457      -0.000507430       0.000699476  C
