               -383.4899499750
         -0.000161359      -0.000000331       0.000000022
         -0.000000331      -0.000155597      -0.000000010
          0.000000022      -0.000000010       0.000000193
          32
  1     6      -0.013857293       0.006361661      -0.004740506  C
  1     6      -0.001986649      -0.000481118      -0.000169514  C
  1     6      -0.002560952      -0.000021182       0.000021472  C
  1     6      -0.001948471      -0.000396974      -0.000161498  C
  1     6      -0.002513161       0.000700600      -0.000165843  C
  1     6      -0.002467743       0.000002157       0.000017625  C
  1     6      -0.002602022      -0.000000432       0.000018087  C
  1     6      -0.003033476      -0.000420160      -0.000166366  C
  1     6      -0.002606079       0.000056362       0.000021232  C
  1     6      -0.002635656      -0.000054214       0.000017962  C
  1     6      -0.002651694      -0.000021448       0.000021715  C
  1     6      -0.002635892      -0.000054449       0.000017961  C
  1     6      -0.002560139       0.000618464      -0.000161815  C
  1     6      -0.002989510      -0.000344300      -0.000170342  C
  1     6      -0.002601569       0.000000084       0.000018192  C
  1     6      -0.002467653       0.000002289       0.000017524  C
  1     6       0.007738488      -0.000938456       0.002033965  C
  1     6       0.002562034      -0.000143050      -0.000196256  C
  1     6       0.002577586       0.000110287      -0.000197351  C
  1     6       0.005993979      -0.003956731       0.002108806  C
  1     6       0.002522722       0.000030823      -0.000195996  C
  1     6       0.002518602       0.000039003       0.000098879  C
  1     6       0.002600282       0.000162297      -0.000196813  C
  1     6       0.002957765      -0.000214246       0.000146366  C
  1     6       0.002654396      -0.000022571      -0.000197014  C
  1     6       0.002714771      -0.000142895      -0.000196741  C
  1     6       0.002574836       0.000016911      -0.000003125  C
  1     6       0.002641304      -0.000092928      -0.000003053  C
  1     6       0.004298448      -0.000860109       0.002079111  C
  1     6       0.002725886       0.000190717       0.000146223  C
  1     6       0.002608298       0.000069855      -0.000003174  C
  1     6       0.002488173      -0.000212680       0.000147701  C
