               -383.4899890087
         -0.000160187       0.000000338       0.000000014
          0.000000338      -0.000156750      -0.000000010
          0.000000014      -0.000000010       0.000000193
          32
  1     6       0.008574407      -0.006512695       0.004741268  C
  1     6      -0.003269024       0.000364774       0.000161485  C
  1     6      -0.002635805       0.000021952      -0.000021470  C
  1     6      -0.003322813       0.000289666       0.000169501  C
  1     6      -0.002747380      -0.000586464       0.000165150  C
  1     6      -0.002598167      -0.000002180      -0.000017881  C
  1     6      -0.002662595       0.000114195      -0.000017834  C
  1     6      -0.002034111       0.000423820       0.000167043  C
  1     6      -0.002590434      -0.000057251      -0.000021704  C
  1     6      -0.002628650      -0.000059051      -0.000017962  C
  1     6      -0.002546595       0.000021593      -0.000021242  C
  1     6      -0.002628042      -0.000058164      -0.000017962  C
  1     6      -0.002703438      -0.000509915       0.000169135  C
  1     6      -0.002081438       0.000342608       0.000163026  C
  1     6      -0.002662881       0.000113737      -0.000017731  C
  1     6      -0.002598303      -0.000002129      -0.000017984  C
  1     6      -0.002576226       0.000950836      -0.002094888  C
  1     6       0.002713902       0.000036464       0.000196418  C
  1     6       0.002498856      -0.000110697       0.000197197  C
  1     6      -0.000750883       0.003931768      -0.002048399  C
  1     6       0.002752973       0.000074961       0.000196685  C
  1     6       0.002655652      -0.000039352      -0.000098878  C
  1     6       0.002675773      -0.000056730       0.000196128  C
  1     6       0.002216117       0.000213056      -0.000146385  C
  1     6       0.002422309       0.000021639       0.000197548  C
  1     6       0.002560572       0.000036299       0.000196207  C
  1     6       0.002503011      -0.000017099       0.000002882  C
  1     6       0.002634119      -0.000012330       0.000003297  C
  1     6       0.001015377       0.001031708      -0.002079073  C
  1     6       0.002451296      -0.000191241      -0.000146532  C
  1     6       0.002667445       0.000035574       0.000003173  C
  1     6       0.002684640       0.000214573      -0.000147394  C
