               -862.6321998241
         -0.000167206       0.000000540       0.000000008
          0.000000540      -0.000181486      -0.000000005
          0.000000008      -0.000000005       0.000000195
          72
  1     6      -0.013339780       0.007906147      -0.004085763  C
  1     6       0.001643763      -0.001126530      -0.000140045  C
  1     6       0.001148481       0.000224054      -0.000007118  C
  1     6       0.001624352      -0.000536966       0.000002685  C
  1     6       0.000724431      -0.000516005      -0.000007366  C
  1     6       0.002127199      -0.000256441      -0.000130233  C
  1     6       0.001389112       0.001042111      -0.000135434  C
  1     6       0.001762437      -0.000549955       0.000023973  C
  1     6       0.000732486      -0.000530987      -0.000002438  C
  1     6       0.001157750       0.000227394      -0.000002755  C
  1     6       0.001684639      -0.000631592       0.000025384  C
  1     6       0.000125976      -0.001092313      -0.000137030  C
  1     6       0.000691602      -0.000451871      -0.000007313  C
  1     6       0.001166572       0.000255353      -0.000002432  C
  1     6       0.001669939      -0.000557690       0.000001880  C
  1     6       0.000713269      -0.000530387      -0.000002610  C
  1     6       0.001098234       0.000241522      -0.000006445  C
  1     6       0.001641904      -0.000561932       0.000025150  C
  1     6       0.001623875      -0.000534891       0.000002656  C
  1     6       0.000710618      -0.000512684      -0.000002714  C
  1     6       0.001150937       0.000250707      -0.000002574  C
  1     6       0.001640861      -0.000534219       0.000002553  C
  1     6       0.000708077      -0.000523501      -0.000002544  C
  1     6       0.001146617       0.000249577      -0.000002742  C
  1     6       0.001112930       0.000285484      -0.000007440  C
  1     6       0.001652281      -0.000543909       0.000025165  C
  1     6       0.000664729      -0.000516988      -0.000006353  C
  1     6       0.001155365       0.000242414      -0.000002588  C
  1     6       0.001669898      -0.000557749       0.000001880  C
  1     6       0.000726224      -0.000514424      -0.000002451  C
  1     6       0.000893132       0.000172618      -0.000130472  C
  1     6       0.000609210      -0.000245115      -0.000141854  C
  1     6       0.001692953      -0.000615687       0.000025494  C
  1     6       0.000721299      -0.000535390      -0.000002767  C
  1     6       0.001173857       0.000240383      -0.000002425  C
  1     6       0.001764679      -0.000547486       0.000023857  C
  1     6       0.005238485      -0.001189329       0.001751686  C
  1     6      -0.000847272      -0.000133579      -0.000161423  C
  1     6      -0.001134447       0.000779489       0.000011451  C
  1     6      -0.001584446       0.000014319       0.000009043  C
  1     6      -0.000649315       0.000206635      -0.000168527  C
  1     6       0.003189513      -0.004311485       0.001807570  C
  1     6      -0.001375619       0.000776948      -0.000161205  C
  1     6      -0.001693064       0.000016979       0.000019713  C
  1     6      -0.000718569       0.000017092      -0.000005218  C
  1     6      -0.001183770       0.000843670       0.000021973  C
  1     6      -0.001686735       0.000179704      -0.000161060  C
  1     6      -0.000301594      -0.000206340       0.000119790  C
  1     6      -0.000693546       0.000006373       0.000011218  C
  1     6      -0.001173282       0.000806972      -0.000005144  C
  1     6      -0.001634378       0.000011891      -0.000004981  C
  1     6      -0.000698439      -0.000000604       0.000008375  C
  1     6      -0.001129256       0.000809539      -0.000002082  C
  1     6      -0.001594154      -0.000022841      -0.000004110  C
  1     6      -0.001582782       0.000011493       0.000009256  C
  1     6      -0.000704404       0.000004622       0.000021592  C
  1     6      -0.001145411       0.000779614       0.000008828  C
  1     6      -0.001613841       0.000011024      -0.000000192  C
  1     6      -0.000701275       0.000006792       0.000000277  C
  1     6      -0.001148209       0.000782200      -0.000000208  C
  1     6      -0.000975211       0.000777093      -0.000167589  C
  1     6      -0.001510455      -0.000127300      -0.000160369  C
  1     6      -0.000682625       0.000028122      -0.000002287  C
  1     6      -0.001165175       0.000816213       0.000000326  C
  1     6      -0.001635400       0.000011040       0.000000330  C
  1     6      -0.000717991      -0.000032728      -0.000003385  C
  1     6       0.001404400      -0.001186932       0.001775919  C
  1     6      -0.001026595       0.001058545       0.000118660  C
  1     6      -0.001633156       0.000045258      -0.000004080  C
  1     6      -0.000707113       0.000015894      -0.000000253  C
  1     6      -0.001198126       0.000809911      -0.000003151  C
  1     6      -0.001809153      -0.000203184       0.000132416  C
