               -599.1014464734
         -0.000173593       0.000000255       0.000000010
          0.000000255      -0.000169927      -0.000000007
          0.000000010      -0.000000007       0.000000196
          50
  1     6       0.010579897      -0.007717577       0.004395273  C
  1     6      -0.003377671       0.000521238       0.000147369  C
  1     6      -0.002622701       0.000003693       0.000001445  C
  1     6      -0.002616415       0.000015164       0.000001132  C
  1     6      -0.003450557       0.000416866       0.000156227  C
  1     6      -0.002770182      -0.000753452       0.000151376  C
  1     6      -0.002682213       0.000013016      -0.000028595  C
  1     6      -0.002608319       0.000002783       0.000006285  C
  1     6      -0.002654484       0.000062964      -0.000028540  C
  1     6      -0.002034362       0.000523829       0.000153347  C
  1     6      -0.002567384      -0.000068953       0.000001250  C
  1     6      -0.002562226      -0.000075280       0.000006328  C
  1     6      -0.002516338       0.000002724       0.000006287  C
  1     6      -0.002525844       0.000003369       0.000001223  C
  1     6      -0.002625768       0.000013376      -0.000028599  C
  1     6      -0.002574170      -0.000080423       0.000001094  C
  1     6      -0.002626154       0.000013035      -0.000028607  C
  1     6      -0.002518573       0.000015427       0.000001380  C
  1     6      -0.002516881       0.000002643       0.000006280  C
  1     6      -0.002562160      -0.000076194       0.000006324  C
  1     6      -0.002707253      -0.000646871       0.000155796  C
  1     6      -0.002099830       0.000412681       0.000148903  C
  1     6      -0.002654967       0.000063060      -0.000028439  C
  1     6      -0.002607717       0.000003662       0.000006280  C
  1     6      -0.002681994       0.000013098      -0.000028680  C
  1     6      -0.003320293       0.001105345      -0.001948258  C
  1     6       0.002717848       0.000117426       0.000177247  C
  1     6       0.002603465       0.000006506      -0.000021897  C
  1     6       0.002563403      -0.000149229       0.000177707  C
  1     6      -0.001342181       0.004666291      -0.001893366  C
  1     6       0.002776406       0.000016426       0.000177595  C
  1     6       0.002674486       0.000014030      -0.000015717  C
  1     6       0.002632510      -0.000060448      -0.000016050  C
  1     6       0.002681726      -0.000147466       0.000176495  C
  1     6       0.002207604       0.000233569      -0.000126408  C
  1     6       0.002562765       0.000076501      -0.000022041  C
  1     6       0.002588917       0.000014902      -0.000016063  C
  1     6       0.002521142       0.000006283      -0.000021465  C
  1     6       0.002567778      -0.000025552       0.000003997  C
  1     6       0.002613109       0.000053016       0.000004191  C
  1     6       0.002468202       0.000015427       0.000178244  C
  1     6       0.002527750       0.000117683       0.000176682  C
  1     6       0.002553292      -0.000001082       0.000003961  C
  1     6       0.002510974       0.000059090      -0.000006779  C
  1     6       0.002585068       0.000052815       0.000004175  C
  1     6       0.000726419       0.001131428      -0.001927933  C
  1     6       0.002475296      -0.000226383      -0.000126562  C
  1     6       0.002645018      -0.000001500       0.000004118  C
  1     6       0.002630445      -0.000025005       0.000004136  C
  1     6       0.002738730       0.000235558      -0.000127350  C
